3 0.48774818512027623 0.7492702350466013 0.036742116167225516 0.07062983125912908
7 0.518814689847036 0.6730643644775409 0.028378057202328576 0.05522934173646192
1 0.5422639265879076 0.6555396695034713 0.03405366864279436 0.05098093083365711
5 0.4695264852324662 0.6496981045121147 0.054067666880227044 0.10089975894161266
5 0.4036595208839026 0.6812956606017253 0.0406254292580705 0.06531931763062306
5 0.3584039875559787 0.6483704761049884 0.04152157843288148 0.0663814203563244
7 0.3929057307861779 0.5575606930575371 0.03524853420920812 0.055760393099313105
7 0.47774118600156035 0.5116247501709603 0.04480745874051891 0.07009877989627852
7 0.5528683584898303 0.5028624026839255 0.023598594936673222 0.06107090672781837
3 0.5276268233993381 0.5089694933567074 0.03226137029317357 0.05735354718786425
3 0.5767656698181071 0.4691406411429127 0.033754952251190955 0.047794622656553404
1 0.5858765197620126 0.2779621505166988 0.029871639160345895 0.059477752639266586
1 0.62276799412504 0.2973455252607455 0.03793698173363958 0.06531931763062297
1 0.6515941259147756 0.32575677317325263 0.03524853420920554 0.05098093083365663
0 0.5918508475940826 0.3722237674226794 0.03823569812524335 0.09505819395025647
