5 0.02434538591568193 0.6780618418057708 0.03614468338401857 0.05416723901076068
5 0.14502680812347946 0.6334535273263208 0.0409241456496739 0.06053985536496775
5 0.16787861208114413 0.562027119022916 0.04062542925807047 0.05151198219650766
4 0.2701889762053293 0.5280398318004775 0.0576522635794681 0.08868557759604903
7 0.3565180133787287 0.5001596352508216 0.03256008668477705 0.06266406081637016
7 0.3311271200924346 0.4698897075683378 0.030767788335156324 0.05947775263926644
1 0.38385056321044514 0.4632515655327054 0.028676773593932125 0.057884598550714796
1 0.4196965302028603 0.47015523324976316 0.03226137029317357 0.058946701276415825
1 0.46913409301323283 0.3981977735835076 0.030767788335156254 0.053105136285059446
1 0.6346229739615492 0.043280686072323424 0.02479346050308713 0.045139365842300515
3 0.45031496034221485 0.36084940105697877 0.03017035555194937 0.05363618764790999
3 0.5040839108308376 0.2408317930527445 0.027183191635914882 0.06319511217922073
3 0.544111907305701 0.17710562951067316 0.03793698173363936 0.061070906727818335
0 0.5810033816687286 0.08045428147186502 0.04958692100617388 0.08231296124184205
7 0.4186510228322477 0.3866053921552322 0.028378057202327982 0.05310513628505868
