7 0.4701764193007078 0.4090321988534494 0.027402908651226313 0.06056618849039829
7 0.5038745907501889 0.44414303276092665 0.03752470373861634 0.0596884176427114
7 0.6053394146750003 0.44304581920131797 0.029624766109433976 0.060127303066554845
4 0.41783933250737443 0.4713539290392215 0.058015166964308 0.09567702239787558
4 0.46128898946787744 0.5821724985596962 0.042709037807767414 0.09699367866940689
5 0.3631569517303776 0.5940224050034703 0.036537211534968604 0.05924953221886795
5 0.3825364862269646 0.6458108850169981 0.03480910017858435 0.07329386578185892
5 0.4008050919944499 0.6828967033317721 0.04073405340047167 0.07724383459644997
5 0.4762248090480506 0.6899188701132676 0.03357473492402505 0.08426600137794552
5 0.5021464793938052 0.6523941663746506 0.028637273905786454 0.08821597019253552
5 0.3861161454651889 0.831898304726629 0.03999343424773585 0.08294934510641497
5 0.6396594143464335 0.6642681431051952 0.02917590601686655 0.09535783299871553
