5 0.5189104266658101 0.7180986349398509 0.026727578239227653 0.0631124493791431
5 0.5726716241164702 0.6889000592213393 0.047742391663963775 0.07363119094233354
5 0.6043978715683778 0.7862890974874307 0.04304976342348887 0.07181761481074886
3 0.5316621338410141 0.6622404900870461 0.041213517590259416 0.11099085925297565
7 0.6655040523519554 0.5907855905026141 0.027339660183637447 0.06456331028441063
7 0.7054934060533953 0.588790656757871 0.04692628240475074 0.0874143695423762
3 0.6697886259628241 0.506454300383931 0.03509269814616176 0.067827747321262
3 0.7070236109144199 0.5271290682839956 0.029175906016866832 0.04824112510014956
1 0.7572143303560227 0.3617309250834828 0.031216179164899386 0.06565145596336151
1 0.7120222801270998 0.35792241520715523 0.029379933331670004 0.0638378798317769
1 0.7100840206364687 0.28755566130167387 0.03448061620175167 0.060210727568607715
