1 0.35146516965404745 0.3951463225091624 0.025596154038954922 0.04385556827286322
1 0.34923941712892015 0.4465859364231974 0.03078957659758339 0.04583401496186465
1 0.34608626771832446 0.5036311492894017 0.0322734116143353 0.04913142611020004
0 0.41972158042459395 0.4736247078395492 0.04414409174834269 0.08276501982322315
3 0.5016107254115404 0.47131652003571384 0.02244300462835888 0.05638573063653918
7 0.533976876714422 0.4432885252748618 0.04191833922321599 0.04847194388053303
7 0.5562344019656874 0.4950578803037301 0.03338628787689807 0.05506676617720476
5 0.6638124406801356 0.44922386534186587 0.03709587541877539 0.05836417732553983
5 0.7129644756100129 0.42449328172934897 0.035612040402024266 0.04913142611020021
5 0.8053207619865188 0.4080625539100741 0.03192659883310315 0.05753591022586714
