3 0.34995845861063124 0.8327562875534575 0.051170050552658636 0.07421153530444059
5 0.40415831478811837 0.5626422585152515 0.039275258099628375 0.05027233036752428
5 0.4475855287439932 0.555061510285228 0.029624766109433834 0.04628246287803825
5 0.47642478969143454 0.6809418295785131 0.03523551726652378 0.07461052205338944
7 0.4068514753435212 0.6308689925854631 0.03254235671112047 0.06064598584018797
7 0.45701159068790387 0.6376517673175894 0.02244300462835902 0.06064598584018796
3 0.462958986914419 0.5750108477326579 0.035235517266523485 0.05266625086121638
1 0.49146160279243517 0.5373065999570151 0.03254235671112056 0.052267264112267287
1 0.48831958214446486 0.4820469352276327 0.03837753791449386 0.05905003884439288
1 0.5268093350821007 0.5255364908630312 0.032317926664837134 0.05506017135490758
0 0.5804481161438777 0.5807961555924124 0.06822673407021139 0.08179228353446462
4 0.5305124308457799 0.5993490394185232 0.04286613884016582 0.1173021041908899
1 0.5853855771621178 0.6759544952166556 0.06598243360737563 0.06463585332967411
